0.000000 243
1000.063845 239
2000.120686 249
3000.170522 244
4000.213353 244
5000.249184 232
6000.278011 232
7000.299833 232
8000.314650 232
9000.322462 232
10000.323270 232
11000.317072 232
12000.303870 232
13000.283662 235
14000.256450 248
15000.222232 244
16000.181009 238
17000.132781 244
18000.077548 233
19000.015309 258
19999.946065 274
20999.869816 265
21999.786561 249
22999.696301 244
23999.599035 244
24999.494763 287
25999.383486 274
26999.265203 287
27999.139915 274
28999.007620 252
29998.868315 278
30998.722005 304
31998.568688 305
32998.408365 301
33998.241036 294
34998.066702 274
35997.885356 274
36997.697004 243
37997.501647 254
38997.299282 276
39997.089907 266
40996.873526 244
41996.650138 274
42996.419743 276
43996.182338 274
44995.937926 264
45995.686507 244
46995.428082 305
47995.162645 306
48994.890202 318
49994.610747 287
50994.324285 305
51994.030817 322
52993.730337 320
53993.422849 308
54993.108355 305
55992.786849 331
56992.458336 322
57992.122811 335
58991.780279 321
59991.430736 335
60991.074184 335
61990.710621 304
62990.340050 304
63989.962468 305
64989.577877 324
65989.186275 369
66988.787665 392
67988.382042 336
68987.969412 335
69987.549770 336
70987.123119 343
71986.689457 335
72986.248781 338
73985.801098 361
74985.346402 385
75984.884698 414
76984.415982 396
77983.940252 418
78983.457514 335
79982.967764 395
80982.471001 386
81981.967229 436
82981.456444 360
83980.938646 438
84980.413840 366
85979.882021 366
86979.343188 377
87978.797342 366
88978.244483 366
89977.684615 387
90977.117734 420
91976.543839 425
92975.962931 304
93975.375009 458
94974.780079 521
95974.178134 573
96973.569176 458
97972.953205 452
98972.330219 418
99971.700220 426
100971.063207 427
101970.419184 334
102969.768148 393
103969.110097 424
104968.445033 372
105967.772954 491
106967.093861 548
107966.407754 455
108965.714633 541
109965.014497 464
110964.307347 486
111963.593183 381
112962.872004 465
113962.143811 386
114961.408603 511
115960.666380 591
116959.917143 768
117959.160891 721
118958.397620 697
119957.627334 593
120956.850034 510
121956.065718 487
122955.274387 476
123954.476042 499
124953.670681 529
125952.858306 546
126952.038910 673
127951.212500 840
128950.379074 968
129949.538633 856
130948.691176 826
131947.836700 907
132946.975208 963
133946.106701 979
134945.231178 914
135944.348635 1034
136943.459077 1284
137942.562503 1181
138941.658908 1176
139940.748298 1216
140939.830672 1243
141938.906025 1166
142937.974363 1066
143937.035685 861
144936.089986 778
145935.137271 980
146934.177539 768
147933.210788 757
148932.237019 796
149931.256231 700
150930.268425 640
151929.273604 640
152928.271761 606
153927.262902 635
154926.247022 664
155925.224126 638
